3.719350856660592064e-01 -1.671053913050503770e+00
6.634425370826171786e+00 -1.085999683275410277e+01
7.481698304286416246e+00 -2.964036320916158207e+00
-3.083797365107404653e-01 -2.350257272462298097e+00
-9.048761769287001044e+00 2.142517784205242304e+00
-9.006545461689311693e+00 7.384130012282150712e-01
7.650401395565169516e+00 -1.061500241673791045e+01
-6.793012067533046761e+00 1.917754955749778167e+00
7.045761697299639970e+00 -1.038639468065620086e+01
-8.164742861916041150e-01 -6.452643991880144814e-01
-6.655441116727556228e+00 3.798718606663135766e+00
8.309603971290377089e+00 -3.669866459950121396e+00
1.808724887328979625e-01 -2.561255374927083661e+00
9.075683674656076505e+00 -4.217905332256450812e+00
7.809965974797651533e+00 -4.809443680456702452e+00
6.655851634190429245e+00 -2.468751160927575405e+00
5.943181878207848712e+00 -3.500306208734955682e+00
-8.980498128353440634e+00 1.006574168303137284e+00
7.270590068901769953e+00 -4.842257162764987299e+00
7.797110422159041043e+00 -3.928892185481794197e+00
-8.631802487617161290e+00 1.652679024677249142e+00
7.029211362476082137e+00 -9.046576000642826187e+00
1.081404190145290212e+00 -3.461079986749379778e+00
8.385544085222726096e+00 -2.420579096394388507e+00
5.884257599117008297e+00 -8.239833272423005894e+00
4.138835602298307492e-02 -1.229674579971337778e+00
6.265480550473630394e+00 -1.015902534020159997e+01
8.033493368655074462e+00 -2.265783479487629926e+00
-9.927251583332683538e+00 1.445952094366290464e+00
7.257168278814844165e+00 -8.510133031339826459e+00
7.352936046207163123e+00 -2.307893960367670694e+00
-6.243702200359294352e+00 1.743146794386204235e+00
-5.600849216597847402e+00 1.962659158646486102e+00
7.013391472413665895e+00 -8.838114934995056515e+00
6.249911218963487336e+00 -7.925922457932769838e+00
-6.712067379473213080e+00 2.734801821731129401e+00
-6.913343542595260516e+00 2.081166103338945028e+00
-2.041382526247474960e-01 -2.317015039594057857e+00
9.044261216551340965e+00 -1.669508065315386425e+00
8.120011826732017823e+00 -3.969438684406394913e+00
6.203027805962602059e+00 -3.675787869977221511e+00
-7.423041078543313631e+00 2.864333263437797594e+00
8.135719830522372575e+00 -3.787944026552287458e+00
-7.482092731368907401e+00 2.088727507128770533e+00
-7.886950424309730145e+00 2.346741397256799200e+00
5.724879631914062017e+00 -3.186540825996195814e+00
8.270766371834087138e+00 -3.733780683286104018e+00
7.037317067126860337e+00 -3.221690205220841818e+00
6.804980394150567768e+00 -9.390923947159263818e+00
6.518156817529307645e+00 -1.112217682546384623e+01
4.223073453048157844e-01 -1.213147271410486727e+00
-7.600609509406316633e+00 1.964815175718138907e+00
1.249755301748268099e+00 -1.362448162195519119e+00
6.512069619322213399e+00 -9.459355628387465131e+00
6.039107376452008680e+00 -7.864483378773217126e+00
-6.263410425205151455e+00 3.591150025577383165e-01
6.779920706416921128e+00 -1.055314339575309646e+01
-7.736147637391319165e+00 3.068497919936323370e+00
-8.801880732290854326e+00 2.041338926086892158e+00
-8.147847930467094102e+00 3.498518415809083404e+00
-1.067304928273745190e+01 1.900178167447305055e+00
5.563849233468283195e-01 -9.203535762046034518e-01
7.753527412163122579e-01 -1.519332064660675385e+00
6.475604883926000532e+00 -9.089926067369827223e+00
4.585556660777866611e+00 -8.665152374411555058e+00
6.050700455686232715e+00 -9.596236416013258719e+00
8.693677878975169193e+00 -4.738498271071296841e+00
5.951093129671287230e+00 -8.863071743378343470e+00
6.579079735601155221e+00 -8.360486205389701553e+00
5.010606238414780478e+00 -1.105755379235325719e+01
-7.687120988025066382e+00 2.095503488680801052e+00
1.931340248500713397e+00 1.742284392810640181e-01
8.304131453209604885e+00 -4.375051880794719850e+00
-7.824563239989275054e+00 1.740722906533207048e+00
4.705620572516033384e+00 -1.068149983797114899e+01
-6.676923310029518888e+00 2.393488390237177299e+00
7.313899079699449857e+00 -3.484198574654434832e+00
9.359988559857704615e+00 -3.955863612955945019e+00
6.885879686563438185e+00 -1.463531709641494594e+00
5.730058482212071702e+00 -4.194811362181399161e+00
5.355066008915494002e+00 -9.369018292910965329e+00
-8.086659125857194041e+00 3.280140361226113299e+00
6.145981850413015479e+00 -1.059251766671149397e+01
7.947999992659820379e+00 -3.090137304954699626e+00
7.773032016110374087e+00 -3.808969591664709498e+00
8.172288667288416519e+00 -4.375069397041748687e+00
-6.318452112647991115e+00 1.306531914463380684e+00
6.588673192255147804e+00 -7.581764306091185901e+00
9.374386960588609874e-01 -7.107974171545528019e-01
3.406287362739460756e-01 -1.059863346655799621e+00
7.542711201978203661e+00 -3.505379470917068030e+00
7.323259113674575715e+00 -1.200064378531995501e+01
-7.291855273997104980e+00 8.345421415559703959e-01
8.714450647157345742e+00 -2.417304906603251702e+00
-8.371557623670611292e+00 2.512117545357960058e+00
8.329540412574459651e+00 -1.683473852924815661e+00
-7.690263833626096890e+00 2.055224049164222411e+00
9.496494111657723280e+00 -3.790297496982803160e+00
2.716444577161375218e+00 -1.790840620190586430e+00
7.369023507364422798e+00 -1.050524199337517040e+01
7.217621108120699347e+00 -8.286519115886740394e+00
-1.407507233857255846e-01 -1.082262091510447055e+00
7.385756751867146086e+00 -1.023796081801204405e+00
7.971644462988996871e+00 -3.382360577570022730e+00
8.301285997629655355e+00 -4.217226533156893886e+00
-7.729649520173222932e+00 2.232741392600869013e+00
8.681856873364095506e+00 -4.536835374393564102e+00
6.615730617557375126e+00 -1.008079784813869750e+01
8.523360952959897929e+00 -4.156652142322457166e+00
6.280335763161181362e+00 -9.740649933247103931e+00
7.543211189270600414e+00 -8.478229154275082280e+00
7.230375354003077959e+00 -9.789915043476550949e+00
6.672786170125293737e+00 -3.888577071854814271e+00
1.996751333332171585e+00 -3.635226531616673196e-01
1.528524797098928412e+00 -1.127895250604294297e+00
8.102781704205199720e-01 -3.421590685432973622e-01
7.931300761334275862e+00 -1.329643544854593351e+00
8.144082327184722914e+00 -3.308544201252173078e+00
7.499267222062774962e+00 -1.015497807231383476e+01
1.807596088366671405e-01 -1.548409951272884832e+00
4.010362763209951442e-01 -1.469832489038859880e+00
-9.159281573913542474e+00 2.484472745350033485e+00
7.303946530906710422e+00 -3.734314763854760244e+00
8.951122803038421338e+00 -3.578420592720830573e+00
7.821626302981447232e+00 -3.304053487547764068e+00
-7.175940722465846022e+00 1.407536085879689258e+00
2.813118445123031774e-01 -6.913356638371574991e-01
6.606173814745560868e+00 -1.015247598135465523e+01
8.119191151882477087e+00 -3.044831664230445156e+00
7.562648863586646897e+00 -9.451639336624172216e+00
5.356898972842553341e+00 -9.394242853897136314e+00
8.785763486852870230e+00 -3.020933787457074970e+00
-8.264756287289463543e+00 1.909395315858319897e-01
7.379715922715265997e+00 -3.247874217537281005e+00
-7.775489862581327571e+00 8.266222769341013965e-02
-1.326268772932066575e-01 -1.230223228065431496e+00
5.698073978528046091e+00 -8.947047168920354565e+00
-8.979543160194502605e+00 9.705260357968775731e-01
5.873357991170248482e+00 -1.007708724633042863e+01
6.872475098280380834e+00 -3.571030867054809210e+00
6.328783241461367837e+00 -9.410785589502310700e+00
7.295732152269861714e+00 -4.393923793372418451e+00
-7.308354642059891049e+00 3.181727333930477908e+00
4.896141505420636086e+00 -9.137590677833086872e+00
9.242238254681673482e+00 -3.880030980650583938e+00
7.521321413777787512e+00 -2.122666050750808608e+00
6.972676805731142125e+00 -9.957923939178686012e+00
8.500504474634153596e+00 -3.808298941966906881e+00
-2.466158047448697710e-01 -2.164867127437789307e+00
-8.519988622189099914e+00 2.804955819525134952e+00
-8.202009453733101196e+00 1.837080338356895215e+00
7.691734874685344892e+00 -8.979819400560913323e+00
-9.109132278247773495e-01 -1.350050403453745496e+00
6.988420974791432982e+00 -3.005566230724809440e+00
-8.070441174756547653e+00 9.427566209705520173e-01
6.653263447783559492e+00 -9.734310662127695579e+00
6.009100329767430360e+00 -6.451687774111487528e+00
-8.144064709961849502e+00 9.573815275351884591e-01
5.802695372119817563e+00 -7.776210288925351932e+00
6.001981210558305690e+00 -8.718593793684140891e+00
-6.086198547261211900e+00 2.413845219705286205e+00
8.212573593091089919e+00 -5.059323481680395140e+00
6.243451379551604452e-01 -1.009620343687475774e+00
6.889065392403833421e+00 -3.193337163319946548e+00
-7.560314115093220266e+00 1.836681718340944736e+00
7.629220599210577269e+00 -1.009406966794548488e+01
-7.930699019535212280e+00 2.614155222177022786e+00
1.323106057160530757e-01 -2.448361650027482295e+00
7.908753973060417053e+00 -3.579991148179258786e+00
-2.905823148956029334e-01 -2.398742907295560389e+00
-7.695928586124971993e+00 1.384828925042951298e+00
-8.338805311338148840e+00 6.532067968546093617e-01
6.933496752136090180e-01 -7.665066358386332102e-01
8.083547822518475812e+00 -9.480724466291407637e+00
1.588578936972685041e+00 -1.332342350183928659e+00
-9.153173877886912280e+00 2.921791318926482361e+00
1.053999829885238704e+01 -3.456311815406596377e+00
6.429857927716907895e+00 -9.202255697732113049e+00
-7.667677242228510437e+00 -3.431367831542586622e-01
-7.623880504466157504e+00 1.559274139960188599e+00
1.353053552066574516e+00 -2.167494430606249356e+00
6.820691632368045987e+00 -9.830398214534291412e+00
5.797781257799281107e+00 -8.889270324537527301e+00
5.231391784935038203e+00 -1.003782342330521082e+01
4.320900190708993449e+00 -8.726338084099827697e+00
7.933330640935370326e+00 -3.515532052535067287e+00
4.051110381745375300e+00 -1.001650875566073573e+01
7.669545573965617535e+00 -4.846795990103738738e+00
-8.607610794459652936e+00 3.551482554628620836e+00
6.727171947600461444e+00 -8.452676426563384027e+00
-7.646446866924740071e+00 2.166713548818893109e+00
2.869327219783719407e-01 -7.321020905145061430e-01
-8.471698235598626781e+00 1.483403917599347199e+00
-1.321879078695633591e-01 -1.890037946143006353e+00
-9.313384567561868721e+00 2.160510059656957971e+00
-8.412951666465124489e+00 2.686094942409368524e+00
6.486611964462318802e+00 -9.510624995995803133e+00
-8.027594121833457663e+00 2.282111522907459555e+00
6.391693157041419937e+00 -8.519505804879964117e+00
7.193669141218146379e+00 -3.794140377875202308e+00
1.865718265647943186e+00 -1.462782547184345860e+00
-7.841887642962834803e+00 2.729362507838620999e+00
-8.221095734852074344e+00 2.400888735902376503e+00
2.931196803155463604e-01 -2.021310271949417814e+00
5.577781612977071646e+00 -9.553501602040368468e+00
7.973804994219928943e+00 -4.042661218444226989e+00
7.324412684338154733e+00 -4.285706325848764209e+00
7.391694718771052663e+00 -3.126693303210516195e+00
-7.440219477790655844e+00 1.119296731265755795e+00
-9.697803572174720443e+00 4.331098996076199192e+00
1.441863728418590340e-01 -1.283336762795759256e+00
-6.481019187413190608e-01 -2.604395732704535504e+00
-7.117955938585851516e-01 -1.249289157091849400e+00
-8.613366200091357783e+00 1.642378897022299000e+00
8.030856376589458279e+00 -4.395838179941017110e+00
-8.296816792307737387e-01 -9.699724713686087574e-01
-7.255788668026707633e+00 1.701704386418364301e+00
6.309711726460906611e+00 -8.839195108222501318e+00
6.861783204348583354e+00 -3.474531053725840479e+00
8.808404283854471828e+00 -2.918506506845294890e+00
-6.688390330549059293e+00 1.701165729319963349e+00
-6.723078221966805046e-01 -3.039575270433556575e+00
2.310957367005854746e-01 -2.381101721679563799e+00
7.228307361832438938e-01 -2.243155800426883673e+00
5.730728439095031490e+00 -2.608955061595124025e+00
-7.896694633227725468e+00 1.640792563344830146e+00
-8.112013240460207442e+00 2.893822083963092595e+00
-5.818740952464074301e-02 -2.495739862778942442e+00
6.671696509420927512e+00 -8.015364854783296522e+00
7.510932325616588301e+00 -8.188401081035534546e+00
6.816812552196687136e+00 -1.031068289820437300e+01
-1.561716591614088490e-01 -4.608571699078960471e-01
2.163995118381190519e+00 -1.510699653060292524e+00
9.051344507811094342e-01 -2.176369981904955786e+00
-1.786574517224591929e+00 -7.394518651328979564e-01
5.237063768433615429e+00 -9.441381421880272740e+00
-8.002269286796011016e+00 3.154967483206434942e+00
8.469278014166382818e+00 -8.289924632286385986e+00
8.425756431202668040e+00 -4.165369466557337752e+00
4.295053178501443414e-01 -9.922692209878442027e-01
8.875343957961413510e-01 -2.162685239011188365e-01
9.767890860877959103e-01 -2.118771853302212183e+00
6.256179316994796125e+00 -7.772934899058469682e+00
-8.226854321694167638e+00 1.491557497132186771e+00
-8.493011306837288998e+00 1.563617803309567122e+00
4.867222435769012812e+00 -8.726418904632373241e+00
7.114102219105378211e+00 -4.514448311310825801e+00
-7.699419879194459249e+00 2.630511372530834002e+00
8.072241588402156998e-01 -4.308180155383614096e-01
6.903886764222059824e+00 -4.433231249529918649e+00
6.941868713894384868e+00 -8.607335908206085406e+00
-8.465360561666734895e+00 2.777463368857779447e+00
9.122327800309257828e-01 -7.460748981511595712e-01
8.514460598317173279e+00 -3.832779523517645170e+00
-7.943072775803250885e+00 1.038018333830758699e+00
1.561534696809032674e+00 -2.179981579024506289e+00
6.165992125402616431e+00 -1.932596453101909972e+00
-7.974753376353656442e+00 -7.607767849070552479e-01
-7.340491550093871886e+00 1.869258821426263761e+00
7.121298556588772755e+00 -8.786207828706251277e+00
6.236035866846236786e-01 1.390888516389876539e-01
4.620499119599296156e-01 -1.102754587639440231e+00
-2.439193027829545946e-01 -1.627820045165083718e+00
-9.739172223624654734e+00 1.735278492476417300e+00
8.210733650378807980e+00 -4.003741186536990071e+00
-6.018859639847942589e+00 2.183947631139360190e+00
-7.989091053322781910e+00 1.240432396465264375e+00
8.600278934985261969e+00 -3.167106052440523900e+00
6.889994814927121070e+00 -9.016158900387058139e+00
6.407275101131499895e+00 -6.067334683801753670e+00
1.055459773935274015e+00 -1.903973783354674820e+00
-4.394334398383625828e-02 -1.215256206403241945e+00
5.589585364721229688e+00 -9.215199841824237126e+00
1.608688739750346652e+00 -1.488105381270776739e-02
4.050687540083020566e-01 -1.583607640149893747e+00
6.500727224441322782e+00 -3.824035859867789267e+00
-7.727929320264191659e+00 2.539531562644767426e+00
-6.961087703819389461e+00 2.801223671031364937e+00
1.453416752544367974e+00 -1.743938523185191602e+00
-9.235724538780569759e+00 2.510910238789934468e+00
1.248017522687444147e+00 -2.292447682637962725e+00
-7.032102812839489125e+00 1.531819782534620034e+00
1.003368617346251490e+00 -3.007178019941885161e-01
9.257784485592075896e+00 -2.975695849496007739e+00
6.494941804944095232e+00 -8.714245699434997050e+00
4.389699512004563431e-01 -2.347767978541441813e+00
-8.526775233156433487e+00 2.090926920548280776e+00
6.911774221785395689e+00 -2.269117421762410824e+00
4.685251113647542209e-01 -1.690366856196493961e+00
1.634577263028601513e+00 -3.038867300674220839e+00
5.748870086513162114e+00 -7.381391777284987299e+00
7.777477379779726974e+00 -2.487738406849176798e+00
7.887811457550857774e+00 -3.657903099843867523e+00
6.929827138203538794e+00 -8.349744606762884658e+00
5.519518353675487710e-01 -1.193039599109168458e+00
-8.398982768735333337e+00 1.148277843931127862e+00
-9.356340942461308430e+00 2.613281898452011198e+00
8.386275501880410488e+00 -2.627039762976786985e+00
8.822763779676188189e-01 -1.538526958601190042e+00
8.283488415447326503e+00 -4.118560924124553324e+00
7.326502307167411132e+00 -2.223461624530775893e+00
1.050857922724616422e+00 -4.413651787186919861e+00
1.443518233004194240e+00 -1.820643377398575291e+00
6.486150938243611996e+00 -4.429028668740260244e+00
1.539630269517683558e+00 -2.273948300463091599e+00
-2.005896484902224275e-01 -1.759581688983171466e+00
1.036056254649361796e-01 -3.476316094279898294e+00
7.352125486281550160e+00 -7.082617086180136745e+00
9.421692688302806928e+00 -2.647698799441170259e+00
7.537036734902681445e+00 -3.953599729475478330e+00
-8.992304933716832593e+00 1.118606568084422603e+00
7.406528533135934289e+00 -8.819798616101774513e+00
-9.249402527446761724e+00 1.736978345707433480e+00
-4.793143826819405984e-01 -3.194405782666422944e+00
-7.111280171726660271e+00 1.899604286112754448e+00
7.837621690534677832e+00 -1.697561041678394389e+00
7.968331195487529328e+00 -3.231252646072939605e+00
2.767536297091313546e+00 -1.656298701575848575e+00
9.761945351403806370e+00 -2.666250747845905433e+00
6.978994764354204960e+00 -3.816132154377466446e+00
7.316595984910203576e+00 -2.567181538197269575e+00
8.023303270155693667e+00 -9.412006012993233028e+00
-6.587662595597192805e+00 3.178652933468548270e+00
2.068527348146985467e+00 -1.646554741208991146e+00
-9.386030468054432419e+00 2.757667486244169019e+00
6.243519161443661147e+00 -8.739394662015071091e+00
8.639833415659245119e+00 -3.853822435591282680e+00
8.009890798847639104e+00 -4.993024491988792946e+00
-9.752702662720047488e-01 9.301317588234114808e-02
-7.222644069404108969e+00 2.927481268141940873e+00
6.459104043974357445e-01 -1.579892961341192725e+00
5.836392400531904556e+00 -1.055431690374817322e+01
5.308762853661106451e-01 -7.149223424025776819e-01
7.694836052219673483e+00 -2.633593933084926064e+00
1.730750462622485664e+00 -2.996271922803863230e+00
1.121156199769825501e-01 -9.383973964196753448e-01
-7.785842630571758960e+00 1.880052249475306470e+00
4.866015737303678534e+00 -8.540735932896232896e+00
8.212011637692366861e+00 -1.547813580166429448e+00
-1.403669714751016429e+00 -1.716678444265373749e+00
8.028306544445255710e+00 -1.014592450166184001e+01
7.660901403996319026e+00 -1.151370851132038808e+01
7.090514329889551215e-01 4.068491532673235156e-01
6.390149641686079462e+00 -1.786299736228892820e+00
6.456814288746806518e+00 -7.388539188042036798e+00
-6.739105972447752002e-01 -1.312163641014420623e+00
-9.209335883876782702e+00 3.262090410855980949e+00
9.068521962308861983e-02 -1.051216380738065670e+00
-4.125894195229451444e-01 -2.595563793670870645e+00
7.823067566739476675e+00 -9.631273741582745629e+00
8.731471418799031881e+00 -4.099975971088517745e+00
9.004928959131333066e-01 -1.511040674273662399e+00
8.215973984466915070e+00 -2.286722551974281537e+00
1.887902776214833489e+00 2.317799744510384841e-02
8.175390645555838276e+00 -8.497144085112708467e+00
8.278952326899620573e+00 -1.026911969523701629e+01
3.660552436149611122e-01 -5.281764487662541363e-01
-7.781505227815144199e-02 -1.601209655622068961e-01
5.268676799439952596e+00 -9.846717509331336160e+00
-8.303039959498097033e+00 1.012377832953474499e+00
-8.838224230653674240e+00 1.164704253813924062e+00
6.002780380978981256e+00 -9.496079308183523082e+00
8.823918879136181559e+00 -4.295677996074318550e+00
8.549696134247625423e+00 -2.399070568266912673e+00
8.347484394201536873e+00 -4.805934077635718005e+00
8.984266754691864421e+00 -4.874497122606671340e+00
1.648119657877273214e+00 -1.874628678132137516e+00
-9.300689759888239649e+00 1.658263091698324088e+00
-8.223515210800476094e-01 -1.784793088987228771e+00
-7.453616772119936229e+00 3.167288933223351144e+00
1.144924477286326514e+00 -2.362808714355533635e+00
-7.174961795134761289e+00 1.722877348732037017e+00
2.487496427313506064e+00 -2.900736620310659042e+00
-1.291012575097238324e+00 -2.613895238544030164e+00
-3.759557364225512011e-01 -4.365338443991815254e-01
6.780207651633269883e-01 -1.770153135110763998e+00
1.346240894302534130e+00 -1.485273575734789464e+00
-8.731967560192339661e+00 9.866313527281994622e-01
8.544279868321997817e-01 -1.885130819539901248e+00
6.033989648018297736e+00 -8.780922125790549870e+00
8.954940622149498708e+00 -2.906984304974149058e+00
7.045979724201432148e+00 -7.833537160661265375e+00
-8.428696467314221508e+00 -3.840887019827792237e-01
-5.396440053756422550e+00 -5.121812720029246258e-01
7.475679254872736657e+00 -8.478220904517336010e+00
7.161772020729157973e+00 -9.502267528835934840e+00
-1.198050637569778587e+00 -1.593483883872433671e+00
-9.382961237874699378e+00 1.212801008321371166e+00
8.491428371887957738e+00 -2.549748890550385561e+00
4.166967370826215600e+00 -2.826562310937707601e+00
1.019623725678535209e+01 -3.673726758755302413e+00
5.512277823757501416e+00 -7.924356494229572334e+00
7.760624182271914862e+00 -4.180418500768585233e+00
-6.843799161350488269e+00 1.263101189211728315e+00
8.469097444541027642e+00 -3.630247957646707491e+00
-6.363301182147596435e+00 3.339825253979258335e+00
6.360236875513514576e+00 -9.064672088125542260e+00
5.860811495666172988e+00 -9.990660858096537922e+00
-5.960179473990290688e+00 1.137518498997642791e+00
6.974283404742174675e+00 -1.006774265795038126e+01
5.559980795203603776e+00 -8.750883434127796789e+00
6.625137768305570107e-01 -2.595027257650596830e+00
6.333266437878135591e+00 -9.104894334759242369e+00
6.627035346552290207e+00 -9.543675138919791578e+00
7.235642646626587293e+00 -9.818632712598720502e+00
4.668207727589562595e+00 -9.565844194170498582e+00
1.048848358598385211e+01 -2.758581644020593249e+00
-8.131716993502255519e+00 1.027244885711144917e+00
-6.688466376779891309e-01 -5.454152097136018007e-01
1.793323478955247241e+00 -1.842003298646785581e+00
-8.681962485260278584e+00 1.929906241821871760e+00
7.341929326087226038e+00 -1.028857977021221792e+01
6.448487300811403422e+00 -8.841160153353277096e+00
4.963596392589314732e+00 -9.926932227089951155e+00
-7.606888168549131635e+00 1.441777706701848683e+00
-6.972999827308523635e+00 2.712451037105044982e+00
-6.458848427790647051e+00 1.311728545726565276e+00
-5.379378758681601980e+00 4.075987706333936700e+00
-4.759318844051956265e-01 -2.461999181917257751e+00
4.629412269370431154e+00 -8.989520056669833892e+00
9.134186329198490384e-03 -3.146482482408980097e+00
-8.848609166917212221e+00 1.786201012446441361e+00
6.620120655094381412e+00 -8.253435650967583470e+00
8.972896806556530436e+00 -2.566300636430869808e+00
-2.514203534988695976e-01 -1.815955949090931387e+00
7.533544058511068009e+00 -2.094300522670656584e+00
-7.358708428161581772e+00 2.062262594536548033e-01
5.380277444953166288e+00 -9.134484162448853084e+00
6.293554339906769712e+00 -9.389154192695645662e+00
7.730466650696985909e+00 -4.729016717299927564e+00
-6.892290856119255515e+00 6.709870597016449612e-01
8.178990908107291347e+00 -9.913292345135779726e+00
8.374097734662614201e+00 -2.431546530954588725e+00
-6.752384574687856578e+00 3.108078585710845942e+00
-7.983356731915050020e+00 2.463233836807340094e+00
6.766323193730746643e-01 -4.264414897360877532e+00
4.979317276177945839e-01 -3.681721912503972405e+00
-8.712738207173911675e+00 2.788143457930640778e+00
7.676196430857771702e+00 -2.826204368389465316e+00
7.569415698844592200e+00 -1.024439588590092853e+01
7.821013262925473164e+00 -3.451250879817084449e+00
6.692171381053789725e-01 -2.708854730693756707e+00
7.372757423293993639e+00 -1.997466038667274457e+00
-7.520724977533594036e+00 6.365544211430691490e-01
9.326220422040462310e+00 -1.610887543046043424e+00
7.062577616415188331e+00 -7.740812451589060394e+00
7.797585465664221616e+00 -3.166235562101246792e+00
8.556420473446797459e+00 -1.053762688694886407e+01
3.912124037353307271e-01 -2.189141174195448958e+00
-3.316789596003649754e-01 -2.163891838612905794e-01
-1.126017181555450941e-01 -2.892412069558533361e+00
6.634627312733460514e+00 -2.537591298904696480e+00
5.282081617979349275e+00 -8.338096491802993171e+00
8.380148381995565998e+00 -3.952280375113114808e+00
-8.282693654158540753e+00 2.622860915259963122e+00
7.411958954405527322e+00 -3.502363119913361800e+00
3.931880559543695641e-01 -1.354002846297890361e+00
-8.508016574771888330e+00 9.669683320748274635e-01
8.516172787559280977e+00 -9.149874178738309993e+00
6.423050250476344480e+00 -1.008983497165071874e+01
4.295301075140857128e-01 -1.833348447129668379e+00
-8.409313952555285354e+00 1.804665396710359637e+00
8.262420247118895666e-02 -1.289377567524231383e+00
1.379931872134387838e+00 -2.188809028967804160e+00
-7.976549559983559412e+00 1.076884099253032190e+00
6.353131449217634064e+00 -1.028832793510241395e+01
1.591411415799498741e+00 -1.561209058059189081e+00
-2.532439679818723199e+00 -1.877431868303123697e+00
7.168453143541111849e+00 -8.351835265856049517e+00
-6.365334709470164221e+00 1.271570526578034155e+00
7.180034260047963857e-01 -2.392284623646179664e+00
-6.299834603003121813e+00 2.475710974566951883e+00
6.152870035988066810e+00 -1.055144047939781160e+01
6.311052613464723571e+00 -8.977791280476399294e+00
4.604624122527963159e+00 -7.849475836110048732e+00
7.972127615583024962e+00 -3.755408535380080792e+00
5.981606687942856659e+00 -9.779159897341932250e+00
6.383535754748466573e+00 -8.198677869346626679e+00
6.107339132077278521e+00 -7.321971895497695115e+00
1.897324804813216526e+00 -3.100030229201525600e+00
7.811767912246371459e+00 -1.023929295873376510e+01
-1.674493640915687642e+00 -1.405802577841181566e+00
8.345487143272789510e+00 -2.290094163016522355e+00
-5.815694972849378530e+00 1.827692345424107190e+00
-6.786864236213190793e+00 2.570280844214381855e+00
7.678222297097299531e+00 -3.791033807854998994e+00
-9.034568274419413569e+00 1.025992349673613635e+00
7.077050890097137170e+00 -2.404794303422981283e+00
1.004997909827075375e+00 -6.252786301055182072e-01
9.227384552004902929e+00 -2.260750554080982688e+00
7.636228409989502808e+00 -7.264889954751701850e+00
9.829464487769506986e-01 -1.548934825401011128e+00
1.336707487173994569e+00 -1.169454559991786935e+00
6.250986258219097813e+00 -8.755166757197006433e+00
-8.683500096067906071e+00 2.455597011161486432e+00
-7.656834373107378688e+00 2.306523524661280522e+00
1.266932635773076465e-01 -1.805415890050142025e+00
-8.166903903561305356e+00 1.079444524985781140e+00
5.277255604816703638e+00 -8.765221879294861296e+00
7.599528960524844834e+00 -1.983589850454993808e+00
